HID Descriptor Bytes
Source: collection_descriptor_preparsed
Length: 11844 bytes

0000  48 69 64 50 20 4B 44 52 04 00 84 00 00 00 00 00   HidP KDR........
0010  00 00 19 00 19 00 08 00 19 00 00 00 19 00 00 00   ................
0020  19 00 55 00 6E 00 00 01 B0 2C 10 00 84 00 27 00   ..U.n....,....'.
0030  08 00 01 00 01 00 08 00 83 00 00 00 02 00 03 00   ................
0040  84 00 02 00 0A 00 00 00 00 00 00 00 00 00 00 00   ................
0050  00 00 00 00 00 00 00 00 00 00 00 00 00 00 00 00   ................
0060  00 00 00 00 00 00 00 00 60 00 60 00 00 00 00 00   ........`.`.....
0070  00 00 00 00 00 00 00 00 00 00 00 00 00 00 00 00   ................
0080  FF 00 00 00 00 00 00 00 00 00 00 00 00 00 00 00   ................
0090  00 00 00 00 85 00 27 00 08 00 01 00 02 00 08 00   ......'.........
00A0  83 00 00 00 03 00 03 00 84 00 02 00 0A 00 00 00   ................
00B0  00 00 00 00 00 00 00 00 00 00 00 00 00 00 00 00   ................
00C0  00 00 00 00 00 00 00 00 00 00 00 00 00 00 00 00   ................
00D0  41 00 41 00 00 00 00 00 00 00 00 00 01 00 01 00   A.A.............
00E0  00 00 00 00 00 00 00 00 FF 00 00 00 00 00 00 00   ................
00F0  00 00 00 00 00 00 00 00 00 00 00 00 FF FF 27 00   ..............'.
0100  08 00 01 00 03 00 08 00 83 00 00 00 04 00 05 00   ................
0110  84 00 02 00 0A 00 00 00 00 00 00 00 00 00 00 00   ................
0120  00 00 00 00 00 00 00 00 00 00 00 00 00 00 00 00   ................
0130  00 00 00 00 00 00 00 00 79 00 79 00 00 00 00 00   ........y.y.....
0140  00 00 00 00 02 00 02 00 00 00 00 00 00 00 00 00   ................
0150  FF 00 00 00 00 00 00 00 00 00 00 00 00 00 00 00   ................
0160  00 00 00 00 84 00 27 00 08 00 01 00 04 00 08 00   ......'.........
0170  83 00 00 00 05 00 05 00 84 00 02 00 0A 00 00 00   ................
0180  00 00 00 00 00 00 00 00 00 00 00 00 00 00 00 00   ................
0190  00 00 00 00 00 00 00 00 00 00 00 00 00 00 00 00   ................
01A0  62 00 62 00 00 00 00 00 00 00 00 00 03 00 03 00   b.b.............
01B0  00 00 00 00 00 00 00 00 FF 00 00 00 00 00 00 00   ................
01C0  00 00 00 00 00 00 00 00 00 00 00 00 84 00 27 00   ..............'.
01D0  08 00 01 00 05 00 08 00 83 00 00 00 06 00 05 00   ................
01E0  84 00 02 00 0A 00 00 00 00 00 00 00 00 00 00 00   ................
01F0  00 00 00 00 00 00 00 00 00 00 00 00 00 00 00 00   ................
0200  00 00 00 00 00 00 00 00 6D 00 6D 00 00 00 00 00   ........m.m.....
0210  00 00 00 00 04 00 04 00 00 00 00 00 00 00 00 00   ................
0220  FF 00 00 00 00 00 00 00 00 00 00 00 00 00 00 00   ................
0230  00 00 00 00 FF FF 27 00 08 00 01 00 06 00 08 00   ......'.........
0240  83 00 00 00 07 00 05 00 84 00 02 00 0A 00 00 00   ................
0250  00 00 00 00 00 00 00 00 00 00 00 00 00 00 00 00   ................
0260  00 00 00 00 00 00 00 00 00 00 00 00 00 00 00 00   ................
0270  74 00 74 00 00 00 00 00 00 00 00 00 05 00 05 00   t.t.............
0280  00 00 00 00 00 00 00 00 FF 00 00 00 00 00 00 00   ................
0290  00 00 00 00 00 00 00 00 00 00 00 00 FF FF 27 00   ..............'.
02A0  08 00 01 00 07 00 08 00 83 00 00 00 08 00 05 00   ................
02B0  84 00 02 00 0A 00 00 00 00 00 00 00 00 00 00 00   ................
02C0  00 00 00 00 00 00 00 00 00 00 00 00 00 00 00 00   ................
02D0  00 00 00 00 00 00 00 00 75 00 75 00 00 00 00 00   ........u.u.....
02E0  00 00 00 00 06 00 06 00 00 00 00 00 00 00 00 00   ................
02F0  FF 00 00 00 00 00 00 00 00 00 00 00 00 00 00 00   ................
0300  00 00 00 00 85 00 01 00 08 00 01 00 01 00 08 00   ................
0310  83 00 00 00 02 00 0E 00 84 00 02 00 0A 00 00 00   ................
0320  00 00 00 00 00 00 00 00 00 00 00 00 00 00 00 00   ................
0330  00 00 00 00 00 00 00 00 00 00 00 00 00 00 00 00   ................
0340  D0 00 D0 00 00 00 00 00 00 00 00 00 07 00 07 00   ................
0350  00 00 00 00 00 00 00 00 FF 00 00 00 00 00 00 00   ................
0360  00 00 00 00 00 00 00 00 00 00 00 00 85 00 01 00   ................
0370  08 00 01 00 02 00 08 00 83 00 00 00 03 00 0E 00   ................
0380  84 00 02 00 0A 00 00 00 00 00 00 00 00 00 00 00   ................
0390  00 00 00 00 00 00 00 00 00 00 00 00 00 00 00 00   ................
03A0  00 00 00 00 00 00 00 00 42 00 42 00 00 00 00 00   ........B.B.....
03B0  00 00 00 00 08 00 08 00 00 00 00 00 00 00 00 00   ................
03C0  FF 00 00 00 00 00 00 00 00 00 00 00 00 00 00 00   ................
03D0  00 00 00 00 85 00 01 00 08 00 01 00 03 00 08 00   ................
03E0  83 00 00 00 04 00 0E 00 84 00 02 00 0A 00 00 00   ................
03F0  00 00 00 00 00 00 00 00 00 00 00 00 00 00 00 00   ................
0400  00 00 00 00 00 00 00 00 00 00 00 00 00 00 00 00   ................
0410  44 00 44 00 00 00 00 00 00 00 00 00 09 00 09 00   D.D.............
0420  00 00 00 00 00 00 00 00 FF 00 00 00 00 00 00 00   ................
0430  00 00 00 00 00 00 00 00 00 00 00 00 84 00 03 00   ................
0440  08 00 01 00 01 00 08 00 83 00 00 00 02 00 0E 00   ................
0450  84 00 02 00 0A 00 00 00 00 00 00 00 00 00 00 00   ................
0460  00 00 00 00 00 00 00 00 00 00 00 00 00 00 00 00   ................
0470  00 00 00 00 00 00 00 00 73 00 73 00 00 00 00 00   ........s.s.....
0480  00 00 00 00 0A 00 0A 00 00 00 00 00 00 00 00 00   ................
0490  FF 00 00 00 00 00 00 00 00 00 00 00 00 00 00 00   ................
04A0  00 00 00 00 FF FF 01 00 08 00 01 00 04 00 08 00   ................
04B0  83 00 00 00 05 00 0E 00 84 00 02 00 0A 00 00 00   ................
04C0  00 00 00 00 00 00 00 00 00 00 00 00 00 00 00 00   ................
04D0  00 00 00 00 00 00 00 00 00 00 00 00 00 00 00 00   ................
04E0  2D 00 2D 00 00 00 00 00 00 00 00 00 0B 00 0B 00   -.-.............
04F0  00 00 00 00 00 00 00 00 FF 00 00 00 00 00 00 00   ................
0500  00 00 00 00 00 00 00 00 00 00 00 00 85 00 01 00   ................
0510  08 00 01 00 05 00 08 00 83 00 00 00 06 00 0E 00   ................
0520  84 00 02 00 0A 00 00 00 00 00 00 00 00 00 00 00   ................
0530  00 00 00 00 00 00 00 00 00 00 00 00 00 00 00 00   ................
0540  00 00 00 00 00 00 00 00 45 00 45 00 00 00 00 00   ........E.E.....
0550  00 00 00 00 0C 00 0C 00 00 00 00 00 00 00 00 00   ................
0560  FF 00 00 00 00 00 00 00 00 00 00 00 00 00 00 00   ................
0570  00 00 00 00 FF FF 03 00 08 00 01 00 02 00 08 00   ................
0580  83 00 00 00 03 00 0E 00 84 00 02 00 0A 00 00 00   ................
0590  00 00 00 00 00 00 00 00 00 00 00 00 00 00 00 00   ................
05A0  00 00 00 00 00 00 00 00 00 00 00 00 00 00 00 00   ................
05B0  68 00 68 00 00 00 00 00 00 00 00 00 0D 00 0D 00   h.h.............
05C0  00 00 00 00 00 00 00 00 FF 00 00 00 00 00 00 00   ................
05D0  00 00 00 00 00 00 00 00 00 00 00 00 FF FF 03 00   ................
05E0  08 00 01 00 03 00 08 00 83 00 00 00 04 00 0E 00   ................
05F0  84 00 02 00 0A 00 00 00 00 00 00 00 00 00 00 00   ................
0600  00 00 00 00 00 00 00 00 00 00 00 00 00 00 00 00   ................
0610  00 00 00 00 00 00 00 00 77 00 77 00 00 00 00 00   ........w.w.....
0620  00 00 00 00 0E 00 0E 00 00 00 00 00 00 00 00 00   ................
0630  FF 00 00 00 00 00 00 00 00 00 00 00 00 00 00 00   ................
0640  00 00 00 00 84 00 01 00 08 00 01 00 06 00 08 00   ................
0650  83 00 00 00 07 00 0E 00 84 00 02 00 0A 00 00 00   ................
0660  00 00 00 00 00 00 00 00 00 00 00 00 00 00 00 00   ................
0670  00 00 00 00 00 00 00 00 00 00 00 00 00 00 00 00   ................
0680  61 00 61 00 00 00 00 00 00 00 00 00 0F 00 0F 00   a.a.............
0690  00 00 00 00 00 00 00 00 FF 00 00 00 00 00 00 00   ................
06A0  00 00 00 00 00 00 00 00 00 00 00 00 84 00 02 00   ................
06B0  08 00 01 00 01 00 08 00 83 00 00 00 02 00 0E 00   ................
06C0  84 00 02 00 0A 00 00 00 00 00 00 00 00 00 00 00   ................
06D0  00 00 00 00 00 00 00 00 00 00 00 00 00 00 00 00   ................
06E0  00 00 00 00 00 00 00 00 62 00 62 00 00 00 00 00   ........b.b.....
06F0  00 00 00 00 10 00 10 00 00 00 00 00 00 00 00 00   ................
0700  FF 00 00 00 00 00 00 00 00 00 00 00 00 00 00 00   ................
0710  00 00 00 00 85 00 02 00 08 00 01 00 02 00 08 00   ................
0720  83 00 00 00 03 00 0E 00 84 00 02 00 0A 00 00 00   ................
0730  00 00 00 00 00 00 00 00 00 00 00 00 00 00 00 00   ................
0740  00 00 00 00 00 00 00 00 00 00 00 00 00 00 00 00   ................
0750  4B 00 4B 00 00 00 00 00 00 00 00 00 11 00 11 00   K.K.............
0760  00 00 00 00 00 00 00 00 FF 00 00 00 00 00 00 00   ................
0770  00 00 00 00 00 00 00 00 00 00 00 00 84 00 02 00   ................
0780  08 00 01 00 03 00 08 00 83 00 00 00 04 00 0E 00   ................
0790  84 00 02 00 0A 00 00 00 00 00 00 00 00 00 00 00   ................
07A0  00 00 00 00 00 00 00 00 00 00 00 00 00 00 00 00   ................
07B0  00 00 00 00 00 00 00 00 65 00 65 00 00 00 00 00   ........e.e.....
07C0  00 00 00 00 12 00 12 00 00 00 00 00 00 00 00 00   ................
07D0  FF 00 00 00 00 00 00 00 00 00 00 00 00 00 00 00   ................
07E0  00 00 00 00 84 00 03 00 08 00 01 00 04 00 08 00   ................
07F0  83 00 00 00 05 00 0E 00 84 00 02 00 0A 00 00 00   ................
0800  00 00 00 00 00 00 00 00 00 00 00 00 00 00 00 00   ................
0810  00 00 00 00 00 00 00 00 00 00 00 00 00 00 00 00   ................
0820  67 00 67 00 00 00 00 00 00 00 00 00 13 00 13 00   g.g.............
0830  00 00 00 00 00 00 00 00 FF 00 00 00 00 00 00 00   ................
0840  00 00 00 00 00 00 00 00 00 00 00 00 84 00 02 00   ................
0850  08 00 01 00 04 00 08 00 83 00 00 00 05 00 0E 00   ................
0860  84 00 02 00 0A 00 00 00 00 00 00 00 00 00 00 00   ................
0870  00 00 00 00 00 00 00 00 00 00 00 00 00 00 00 00   ................
0880  00 00 00 00 00 00 00 00 69 00 69 00 00 00 00 00   ........i.i.....
0890  00 00 00 00 14 00 14 00 00 00 00 00 00 00 00 00   ................
08A0  FF 00 00 00 00 00 00 00 00 00 00 00 00 00 00 00   ................
08B0  00 00 00 00 84 00 05 00 08 00 01 00 01 00 08 00   ................
08C0  82 00 00 00 02 00 0E 00 84 00 02 00 08 00 00 00   ................
08D0  00 00 00 00 00 00 00 00 00 00 00 00 00 00 00 00   ................
08E0  00 00 00 00 00 00 00 00 00 00 00 00 00 00 00 00   ................
08F0  6C 00 6C 00 00 00 00 00 00 00 00 00 15 00 15 00   l.l.............
0900  00 00 00 00 00 00 00 00 FF 00 00 00 00 00 00 00   ................
0910  00 00 00 00 00 00 00 00 00 00 00 00 FF FF 02 00   ................
0920  08 00 01 00 05 00 08 00 83 00 00 00 06 00 0E 00   ................
0930  84 00 02 00 0A 00 00 00 00 00 00 00 00 00 00 00   ................
0940  00 00 00 00 00 00 00 00 00 00 00 00 00 00 00 00   ................
0950  00 00 00 00 00 00 00 00 AE 00 AE 00 00 00 00 00   ................
0960  00 00 00 00 16 00 16 00 00 00 00 00 00 00 00 00   ................
0970  FF 00 00 00 00 00 00 00 00 00 00 00 00 00 00 00   ................
0980  00 00 00 00 85 00 06 00 08 00 01 00 01 00 08 00   ................
0990  83 00 00 00 02 00 0D 00 84 00 24 00 0A 00 00 00   ..........$.....
09A0  00 00 00 00 00 00 00 00 00 00 00 00 00 00 00 00   ................
09B0  00 00 00 00 00 00 00 00 00 00 00 00 00 00 00 00   ................
09C0  66 00 66 00 00 00 00 00 00 00 00 00 17 00 17 00   f.f.............
09D0  00 00 00 00 00 00 00 00 FF 00 00 00 00 00 00 00   ................
09E0  00 00 00 00 00 00 00 00 00 00 00 00 85 00 06 00   ................
09F0  20 00 01 00 02 00 20 00 83 00 00 00 06 00 0D 00    ..... .........
0A00  84 00 24 00 0A 00 00 00 00 00 00 00 00 00 00 00   ..$.............
0A10  00 00 00 00 00 00 00 00 00 00 00 00 00 00 00 00   ................
0A20  00 00 00 00 00 00 00 00 68 00 68 00 00 00 00 00   ........h.h.....
0A30  00 00 00 00 18 00 18 00 00 00 00 00 00 00 00 00   ................
0A40  FF FF FF 7F 00 00 00 00 00 00 00 00 01 10 00 00   ................
0A50  00 00 00 00 FF FF 2A 00 08 00 01 00 01 00 08 00   ......*.........
0A60  82 00 00 00 02 00 02 00 84 00 12 00 08 00 00 00   ................
0A70  00 00 00 00 00 00 00 00 00 00 00 00 00 00 00 00   ................
0A80  00 00 00 00 00 00 00 00 00 00 00 00 00 00 00 00   ................
0A90  49 00 49 00 00 00 00 00 00 00 00 00 00 00 00 00   I.I.............
0AA0  00 00 00 00 00 00 00 00 FF 00 00 00 00 00 00 00   ................
0AB0  00 00 00 00 00 00 00 00 00 00 00 00 85 00 23 00   ..............#.
0AC0  20 00 01 00 01 00 20 00 82 00 00 00 05 00 02 00    ..... .........
0AD0  84 00 12 00 08 00 00 00 00 00 00 00 00 00 00 00   ................
0AE0  00 00 00 00 00 00 00 00 00 00 00 00 00 00 00 00   ................
0AF0  00 00 00 00 00 00 00 00 83 00 83 00 00 00 00 00   ................
0B00  00 00 00 00 01 00 01 00 00 00 00 00 00 00 00 00   ................
0B10  FF FF FF 7F 00 00 00 00 00 00 00 00 01 10 10 00   ................
0B20  00 00 00 00 84 00 27 00 08 00 01 00 01 00 08 00   ......'.........
0B30  83 00 00 00 02 00 03 00 84 00 02 00 0A 00 00 00   ................
0B40  00 00 00 00 00 00 00 00 00 00 00 00 00 00 00 00   ................
0B50  00 00 00 00 00 00 00 00 00 00 00 00 00 00 00 00   ................
0B60  60 00 60 00 00 00 00 00 00 00 00 00 02 00 02 00   `.`.............
0B70  00 00 00 00 00 00 00 00 FF 00 00 00 00 00 00 00   ................
0B80  00 00 00 00 00 00 00 00 00 00 00 00 85 00 27 00   ..............'.
0B90  08 00 01 00 02 00 08 00 83 00 00 00 03 00 03 00   ................
0BA0  84 00 02 00 0A 00 00 00 00 00 00 00 00 00 00 00   ................
0BB0  00 00 00 00 00 00 00 00 00 00 00 00 00 00 00 00   ................
0BC0  00 00 00 00 00 00 00 00 41 00 41 00 00 00 00 00   ........A.A.....
0BD0  00 00 00 00 03 00 03 00 00 00 00 00 00 00 00 00   ................
0BE0  FF 00 00 00 00 00 00 00 00 00 00 00 00 00 00 00   ................
0BF0  00 00 00 00 84 00 24 00 08 00 01 00 01 00 08 00   ......$.........
0C00  82 00 00 00 02 00 02 00 84 00 12 00 08 00 00 00   ................
0C10  00 00 00 00 00 00 00 00 00 00 00 00 00 00 00 00   ................
0C20  00 00 00 00 00 00 00 00 00 00 00 00 00 00 00 00   ................
0C30  58 00 58 00 00 00 00 00 00 00 00 00 04 00 04 00   X.X.............
0C40  00 00 00 00 00 00 00 00 FF 00 00 00 00 00 00 00   ................
0C50  00 00 00 00 00 00 00 00 00 00 00 00 FF FF 25 00   ..............%.
0C60  20 00 01 00 01 00 20 00 82 00 00 00 05 00 02 00    ..... .........
0C70  84 00 12 00 08 00 00 00 00 00 00 00 00 00 00 00   ................
0C80  00 00 00 00 00 00 00 00 00 00 00 00 00 00 00 00   ................
0C90  00 00 00 00 00 00 00 00 45 00 45 00 00 00 00 00   ........E.E.....
0CA0  00 00 00 00 05 00 05 00 00 00 00 00 00 00 00 00   ................
0CB0  FF FF FF 7F 00 00 00 00 00 00 00 00 01 10 00 00   ................
0CC0  00 00 00 00 FF FF 22 00 08 00 01 00 01 00 08 00   ......".........
0CD0  82 00 00 00 02 00 04 00 84 00 14 00 08 00 00 00   ................
0CE0  00 00 00 00 00 00 00 00 00 00 00 00 00 00 00 00   ................
0CF0  00 00 00 00 00 00 00 00 00 00 00 00 00 00 00 00   ................
0D00  87 00 87 00 00 00 00 00 00 00 00 00 06 00 06 00   ................
0D10  00 00 00 00 00 00 00 00 FF 00 00 00 00 00 00 00   ................
0D20  00 00 00 00 00 00 00 00 00 00 00 00 FF FF 26 00   ..............&.
0D30  08 00 01 00 01 00 08 00 83 00 00 00 02 00 04 00   ................
0D40  84 00 14 00 0A 00 00 00 00 00 00 00 00 00 00 00   ................
0D50  00 00 00 00 00 00 00 00 00 00 00 00 00 00 00 00   ................
0D60  00 00 00 00 00 00 00 00 6B 00 6B 00 00 00 00 00   ........k.k.....
0D70  00 00 00 00 07 00 07 00 00 00 00 00 00 00 00 00   ................
0D80  FF 00 00 00 00 00 00 00 00 00 00 00 00 00 00 00   ................
0D90  00 00 00 00 FF FF 26 00 08 00 01 00 02 00 08 00   ......&.........
0DA0  83 00 00 00 03 00 04 00 84 00 14 00 0A 00 00 00   ................
0DB0  00 00 00 00 00 00 00 00 00 00 00 00 00 00 00 00   ................
0DC0  00 00 00 00 00 00 00 00 00 00 00 00 00 00 00 00   ................
0DD0  94 00 94 00 00 00 00 00 00 00 00 00 08 00 08 00   ................
0DE0  00 00 00 00 00 00 00 00 FF 00 00 00 00 00 00 00   ................
0DF0  00 00 00 00 00 00 00 00 00 00 00 00 FF FF 27 00   ..............'.
0E00  08 00 01 00 03 00 08 00 83 00 00 00 04 00 05 00   ................
0E10  84 00 02 00 0A 00 00 00 00 00 00 00 00 00 00 00   ................
0E20  00 00 00 00 00 00 00 00 00 00 00 00 00 00 00 00   ................
0E30  00 00 00 00 00 00 00 00 79 00 79 00 00 00 00 00   ........y.y.....
0E40  00 00 00 00 09 00 09 00 00 00 00 00 00 00 00 00   ................
0E50  FF 00 00 00 00 00 00 00 00 00 00 00 00 00 00 00   ................
0E60  00 00 00 00 84 00 27 00 08 00 01 00 04 00 08 00   ......'.........
0E70  83 00 00 00 05 00 05 00 84 00 02 00 0A 00 00 00   ................
0E80  00 00 00 00 00 00 00 00 00 00 00 00 00 00 00 00   ................
0E90  00 00 00 00 00 00 00 00 00 00 00 00 00 00 00 00   ................
0EA0  62 00 62 00 00 00 00 00 00 00 00 00 0A 00 0A 00   b.b.............
0EB0  00 00 00 00 00 00 00 00 FF 00 00 00 00 00 00 00   ................
0EC0  00 00 00 00 00 00 00 00 00 00 00 00 84 00 27 00   ..............'.
0ED0  08 00 01 00 05 00 08 00 83 00 00 00 06 00 05 00   ................
0EE0  84 00 02 00 0A 00 00 00 00 00 00 00 00 00 00 00   ................
0EF0  00 00 00 00 00 00 00 00 00 00 00 00 00 00 00 00   ................
0F00  00 00 00 00 00 00 00 00 6D 00 6D 00 00 00 00 00   ........m.m.....
0F10  00 00 00 00 0B 00 0B 00 00 00 00 00 00 00 00 00   ................
0F20  FF 00 00 00 00 00 00 00 00 00 00 00 00 00 00 00   ................
0F30  00 00 00 00 FF FF 27 00 08 00 01 00 06 00 08 00   ......'.........
0F40  83 00 00 00 07 00 05 00 84 00 02 00 0A 00 00 00   ................
0F50  00 00 00 00 00 00 00 00 00 00 00 00 00 00 00 00   ................
0F60  00 00 00 00 00 00 00 00 00 00 00 00 00 00 00 00   ................
0F70  74 00 74 00 00 00 00 00 00 00 00 00 0C 00 0C 00   t.t.............
0F80  00 00 00 00 00 00 00 00 FF 00 00 00 00 00 00 00   ................
0F90  00 00 00 00 00 00 00 00 00 00 00 00 FF FF 27 00   ..............'.
0FA0  08 00 01 00 07 00 08 00 83 00 00 00 08 00 05 00   ................
0FB0  84 00 02 00 0A 00 00 00 00 00 00 00 00 00 00 00   ................
0FC0  00 00 00 00 00 00 00 00 00 00 00 00 00 00 00 00   ................
0FD0  00 00 00 00 00 00 00 00 75 00 75 00 00 00 00 00   ........u.u.....
0FE0  00 00 00 00 0D 00 0D 00 00 00 00 00 00 00 00 00   ................
0FF0  FF 00 00 00 00 00 00 00 00 00 00 00 00 00 00 00   ................
1000  00 00 00 00 FF FF 26 00 08 00 01 00 03 00 08 00   ......&.........
1010  83 00 00 00 04 00 04 00 84 00 14 00 0A 00 00 00   ................
1020  00 00 00 00 00 00 00 00 00 00 00 00 00 00 00 00   ................
1030  00 00 00 00 00 00 00 00 00 00 00 00 00 00 00 00   ................
1040  E9 00 E9 00 00 00 00 00 00 00 00 00 0E 00 0E 00   ................
1050  00 00 00 00 00 00 00 00 FF 00 00 00 00 00 00 00   ................
1060  00 00 00 00 00 00 00 00 00 00 00 00 FF FF FE 00   ................
1070  08 00 0A 00 01 00 50 00 82 00 00 00 0B 00 00 00   ......P.........
1080  84 00 04 00 08 00 00 00 00 00 00 00 00 00 00 00   ................
1090  00 00 00 00 00 00 00 00 00 00 00 00 00 00 00 00   ................
10A0  00 00 00 00 00 00 00 00 E0 00 E0 00 00 00 00 00   ................
10B0  00 00 00 00 0F 00 0F 00 00 00 00 00 00 00 00 00   ................
10C0  FF FF FF 7F 00 00 00 00 00 00 00 00 00 00 00 00   ................
10D0  00 00 00 00 FF FF FF 00 08 00 FF 00 01 00 F8 07   ................
10E0  82 00 00 00 00 01 00 00 84 00 04 00 08 00 00 00   ................
10F0  00 00 00 00 00 00 00 00 00 00 00 00 00 00 00 00   ................
1100  00 00 00 00 00 00 00 00 00 00 00 00 00 00 00 00   ................
1110  E0 00 E0 00 00 00 00 00 00 00 00 00 10 00 10 00   ................
1120  00 00 00 00 00 00 00 00 FF FF FF 7F 00 00 00 00   ................
1130  00 00 00 00 00 00 00 00 00 00 00 00 84 00 14 00   ................
1140  08 00 01 00 01 00 08 00 83 00 00 00 02 00 06 00   ................
1150  84 00 1E 00 0A 00 00 00 00 00 00 00 00 00 00 00   ................
1160  00 00 00 00 00 00 00 00 00 00 00 00 00 00 00 00   ................
1170  00 00 00 00 00 00 00 00 42 00 42 00 00 00 00 00   ........B.B.....
1180  00 00 00 00 11 00 11 00 00 00 00 00 00 00 00 00   ................
1190  FF 00 00 00 00 00 00 00 00 00 00 00 01 F0 00 00   ................
11A0  00 00 00 00 84 00 14 00 08 00 01 00 02 00 08 00   ................
11B0  83 00 00 00 03 00 06 00 84 00 1E 00 0A 00 00 00   ................
11C0  00 00 00 00 00 00 00 00 00 00 00 00 00 00 00 00   ................
11D0  00 00 00 00 00 00 00 00 00 00 00 00 00 00 00 00   ................
11E0  40 00 40 00 00 00 00 00 00 00 00 00 12 00 12 00   @.@.............
11F0  00 00 00 00 00 00 00 00 FF 00 00 00 00 00 00 00   ................
1200  00 00 00 00 21 D1 F0 00 07 00 00 00 84 00 0B 00   ....!...........
1210  08 00 01 00 01 00 08 00 03 00 00 00 02 00 06 00   ................
1220  84 00 1E 00 0A 00 00 00 00 00 00 00 00 00 00 00   ................
1230  00 00 00 00 00 00 00 00 00 00 00 00 00 00 00 00   ................
1240  00 00 00 00 00 00 00 00 1F 00 1F 00 00 00 00 00   ................
1250  00 00 00 00 13 00 13 00 00 00 00 00 00 00 00 00   ................
1260  FF 00 00 00 00 00 00 00 00 00 00 00 00 00 00 00   ................
1270  00 00 00 00 84 00 74 00 10 00 01 00 01 00 10 00   ......t.........
1280  83 00 00 00 03 00 07 00 84 00 1E 00 0A 00 00 00   ................
1290  00 00 00 00 00 00 00 00 00 00 00 00 00 00 00 00   ................
12A0  00 00 00 00 00 00 00 00 00 00 00 00 00 00 00 00   ................
12B0  44 00 44 00 00 00 00 00 00 00 00 00 14 00 14 00   D.D.............
12C0  00 00 00 00 00 00 00 00 FF FF 00 00 00 00 00 00   ................
12D0  00 00 00 00 21 D1 00 00 07 00 00 00 84 00 74 00   ....!.........t.
12E0  10 00 01 00 03 00 10 00 83 00 00 00 05 00 07 00   ................
12F0  84 00 1E 00 0A 00 00 00 00 00 00 00 00 00 00 00   ................
1300  00 00 00 00 00 00 00 00 00 00 00 00 00 00 00 00   ................
1310  00 00 00 00 00 00 00 00 43 00 43 00 00 00 00 00   ........C.C.....
1320  00 00 00 00 15 00 15 00 00 00 00 00 00 00 00 00   ................
1330  FF FF 00 00 00 00 00 00 00 00 00 00 21 D1 00 00   ............!...
1340  07 00 00 00 84 00 0D 00 08 00 01 00 01 00 08 00   ................
1350  82 00 00 00 02 00 07 00 84 00 1E 00 08 00 00 00   ................
1360  00 00 00 00 00 00 00 00 00 00 00 00 00 00 00 00   ................
1370  00 00 00 00 00 00 00 00 00 00 00 00 00 00 00 00   ................
1380  42 00 42 00 00 00 00 00 00 00 00 00 16 00 16 00   B.B.............
1390  00 00 00 00 00 00 00 00 FF 00 00 00 00 00 00 00   ................
13A0  00 00 00 00 01 F0 00 00 00 00 00 00 84 00 72 00   ..............r.
13B0  10 00 01 00 01 00 10 00 82 00 00 00 03 00 07 00   ................
13C0  84 00 1E 00 08 00 00 00 00 00 00 00 00 00 00 00   ................
13D0  00 00 00 00 00 00 00 00 00 00 00 00 00 00 00 00   ................
13E0  00 00 00 00 00 00 00 00 40 00 40 00 00 00 00 00   ........@.@.....
13F0  00 00 00 00 17 00 17 00 00 00 00 00 00 00 00 00   ................
1400  FF FF 00 00 00 00 00 00 00 00 00 00 21 D1 F0 00   ............!...
1410  07 00 00 00 84 00 0B 00 08 00 01 00 02 00 08 00   ................
1420  03 00 00 00 03 00 07 00 84 00 1E 00 0A 00 00 00   ................
1430  00 00 00 00 00 00 00 00 00 00 00 00 00 00 00 00   ................
1440  00 00 00 00 00 00 00 00 00 00 00 00 00 00 00 00   ................
1450  1F 00 1F 00 00 00 00 00 00 00 00 00 18 00 18 00   ................
1460  00 00 00 00 00 00 00 00 FF 00 00 00 00 00 00 00   ................
1470  00 00 00 00 00 00 00 00 00 00 00 00 84 00 42 00   ..............B.
1480  10 00 01 00 01 00 10 00 83 00 00 00 03 00 09 00   ................
1490  FF FF 12 00 0A 00 00 00 00 00 00 00 00 00 00 00   ................
14A0  00 00 00 00 00 00 00 00 00 00 00 00 00 00 00 00   ................
14B0  00 00 00 00 00 00 00 00 36 00 36 00 00 00 00 00   ........6.6.....
14C0  00 00 00 00 19 00 19 00 00 00 00 00 00 00 00 00   ................
14D0  FF FF 00 00 00 00 00 00 00 00 00 00 01 00 01 00   ................
14E0  00 00 00 00 FF FF 4A 00 08 00 01 00 01 00 08 00   ......J.........
14F0  03 00 00 00 02 00 08 00 84 00 16 00 0A 00 00 00   ................
1500  00 00 00 00 00 00 00 00 00 00 00 00 00 00 00 00   ................
1510  00 00 00 00 00 00 00 00 00 00 00 00 00 00 00 00   ................
1520  41 00 41 00 00 00 00 00 00 00 00 00 1A 00 1A 00   A.A.............
1530  00 00 00 00 00 00 00 00 FF 00 00 00 00 00 00 00   ................
1540  00 00 00 00 00 00 00 00 00 00 00 00 84 00 42 00   ..............B.
1550  10 00 01 00 03 00 10 00 83 00 00 00 05 00 0A 00   ................
1560  FF FF 14 00 0A 00 00 00 00 00 00 00 00 00 00 00   ................
1570  00 00 00 00 00 00 00 00 00 00 00 00 00 00 00 00   ................
1580  00 00 00 00 00 00 00 00 36 00 36 00 00 00 00 00   ........6.6.....
1590  00 00 00 00 1B 00 1B 00 00 00 00 00 00 00 00 00   ................
15A0  FF FF 00 00 00 00 00 00 00 00 00 00 01 00 01 00   ................
15B0  00 00 00 00 84 00 42 00 10 00 01 00 05 00 10 00   ......B.........
15C0  83 00 00 00 07 00 0B 00 84 00 1C 00 0A 00 00 00   ................
15D0  00 00 00 00 00 00 00 00 00 00 00 00 00 00 00 00   ................
15E0  00 00 00 00 00 00 00 00 00 00 00 00 00 00 00 00   ................
15F0  34 00 34 00 00 00 00 00 00 00 00 00 1C 00 1C 00   4.4.............
1600  00 00 00 00 00 00 00 00 FF FF 00 00 00 00 00 00   ................
1610  00 00 00 00 21 D1 00 00 07 00 00 00 84 00 42 00   ....!.........B.
1620  10 00 01 00 07 00 10 00 83 00 00 00 09 00 0B 00   ................
1630  84 00 1C 00 0A 00 00 00 00 00 00 00 00 00 00 00   ................
1640  00 00 00 00 00 00 00 00 00 00 00 00 00 00 00 00   ................
1650  00 00 00 00 00 00 00 00 33 00 33 00 00 00 00 00   ........3.3.....
1660  00 00 00 00 1D 00 1D 00 00 00 00 00 00 00 00 00   ................
1670  FF FF 00 00 00 00 00 00 00 00 00 00 21 D1 00 00   ............!...
1680  07 00 00 00 84 00 42 00 10 00 01 00 09 00 10 00   ......B.........
1690  83 00 00 00 0B 00 0B 00 84 00 1C 00 0A 00 00 00   ................
16A0  00 00 00 00 00 00 00 00 00 00 00 00 00 00 00 00   ................
16B0  00 00 00 00 00 00 00 00 00 00 00 00 00 00 00 00   ................
16C0  31 00 31 00 00 00 00 00 00 00 00 00 1E 00 1E 00   1.1.............
16D0  00 00 00 00 00 00 00 00 FF FF 00 00 00 00 00 00   ................
16E0  00 00 00 00 01 00 10 00 0F 00 00 00 84 00 42 00   ..............B.
16F0  10 00 01 00 0B 00 10 00 83 00 00 00 0D 00 0B 00   ................
1700  84 00 1C 00 0A 00 00 00 00 00 00 00 00 00 00 00   ................
1710  00 00 00 00 00 00 00 00 00 00 00 00 00 00 00 00   ................
1720  00 00 00 00 00 00 00 00 32 00 32 00 00 00 00 00   ........2.2.....
1730  00 00 00 00 1F 00 1F 00 00 00 00 00 00 00 00 00   ................
1740  FF FF 00 00 00 00 00 00 00 00 00 00 01 F0 00 00   ................
1750  0F 00 00 00 84 00 42 00 10 00 01 00 0D 00 10 00   ......B.........
1760  83 00 00 00 0F 00 0B 00 84 00 1C 00 0A 00 00 00   ................
1770  00 00 00 00 00 00 00 00 00 00 00 00 00 00 00 00   ................
1780  00 00 00 00 00 00 00 00 00 00 00 00 00 00 00 00   ................
1790  30 00 30 00 00 00 00 00 00 00 00 00 20 00 20 00   0.0......... . .
17A0  00 00 00 00 00 00 00 00 FF FF 00 00 00 00 00 00   ................
17B0  00 00 00 00 21 D1 F0 00 06 00 00 00 84 00 42 00   ....!.........B.
17C0  10 00 01 00 0F 00 10 00 83 00 00 00 11 00 0C 00   ................
17D0  FF FF 16 00 0A 00 00 00 00 00 00 00 00 00 00 00   ................
17E0  00 00 00 00 00 00 00 00 00 00 00 00 00 00 00 00   ................
17F0  00 00 00 00 00 00 00 00 36 00 36 00 00 00 00 00   ........6.6.....
1800  00 00 00 00 21 00 21 00 00 00 00 00 00 00 00 00   ....!.!.........
1810  FF FF 00 00 00 00 00 00 00 00 00 00 01 00 01 00   ................
1820  00 00 00 00 FF FF 4A 00 08 00 01 00 02 00 08 00   ......J.........
1830  03 00 00 00 03 00 08 00 84 00 16 00 0A 00 00 00   ................
1840  00 00 00 00 00 00 00 00 00 00 00 00 00 00 00 00   ................
1850  00 00 00 00 00 00 00 00 00 00 00 00 00 00 00 00   ................
1860  40 00 40 00 00 00 00 00 00 00 00 00 22 00 22 00   @.@.........".".
1870  00 00 00 00 00 00 00 00 FF 00 00 00 00 00 00 00   ................
1880  00 00 00 00 00 00 00 00 00 00 00 00 85 00 0C 00   ................
1890  08 00 01 00 01 00 08 00 03 00 00 00 02 00 0D 00   ................
18A0  84 00 24 00 0A 00 00 00 00 00 00 00 00 00 00 00   ..$.............
18B0  00 00 00 00 00 00 00 00 00 00 00 00 00 00 00 00   ................
18C0  00 00 00 00 00 00 00 00 8D 00 8D 00 00 00 00 00   ................
18D0  00 00 00 00 23 00 23 00 00 00 00 00 00 00 00 00   ....#.#.........
18E0  FF 00 00 00 00 00 00 00 00 00 00 00 00 00 00 00   ................
18F0  00 00 00 00 85 00 0C 00 08 00 01 00 02 00 08 00   ................
1900  03 00 00 00 03 00 0D 00 84 00 24 00 0A 00 00 00   ..........$.....
1910  00 00 00 00 00 00 00 00 00 00 00 00 00 00 00 00   ................
1920  00 00 00 00 00 00 00 00 00 00 00 00 00 00 00 00   ................
1930  2C 00 2C 00 00 00 00 00 00 00 00 00 24 00 24 00   ,.,.........$.$.
1940  00 00 00 00 00 00 00 00 FF 00 00 00 00 00 00 00   ................
1950  00 00 00 00 00 00 00 00 00 00 00 00 84 00 0D 00   ................
1960  10 00 01 00 02 00 10 00 03 00 00 00 04 00 0D 00   ................
1970  84 00 24 00 0A 00 00 00 00 00 00 00 00 00 00 00   ..$.............
1980  00 00 00 00 00 00 00 00 00 00 00 00 00 00 00 00   ................
1990  00 00 00 00 00 00 00 00 40 00 40 00 00 00 00 00   ........@.@.....
19A0  00 00 00 00 25 00 25 00 00 00 00 00 00 00 00 00   ....%.%.........
19B0  FF FF 00 00 00 00 00 00 00 00 00 00 21 D1 F0 00   ............!...
19C0  07 00 00 00 FF FF 0B 00 08 00 01 00 03 00 08 00   ................
19D0  03 00 00 00 04 00 0D 00 84 00 24 00 0A 00 00 00   ..........$.....
19E0  00 00 00 00 00 00 00 00 00 00 00 00 00 00 00 00   ................
19F0  00 00 00 00 00 00 00 00 00 00 00 00 00 00 00 00   ................
1A00  95 00 95 00 00 00 00 00 00 00 00 00 26 00 26 00   ............&.&.
1A10  00 00 00 00 00 00 00 00 FF 00 00 00 00 00 00 00   ................
1A20  00 00 00 00 00 00 00 00 00 00 00 00 84 00 09 00   ................
1A30  20 00 01 00 01 00 20 00 82 00 00 00 05 00 0D 00    ..... .........
1A40  84 00 24 00 08 00 00 00 00 00 00 00 00 00 00 00   ..$.............
1A50  00 00 00 00 00 00 00 00 00 00 00 00 00 00 00 00   ................
1A60  00 00 00 00 00 00 00 00 57 00 57 00 00 00 00 00   ........W.W.....
1A70  00 00 00 00 27 00 27 00 00 00 00 00 FF FF FF FF   ....'.'.........
1A80  FF FF FF 7F 00 00 00 00 00 00 00 00 01 10 00 00   ................
1A90  00 00 00 00 84 00 0A 00 20 00 01 00 01 00 20 00   ........ ..... .
1AA0  82 00 00 00 05 00 0D 00 84 00 24 00 08 00 00 00   ..........$.....
1AB0  00 00 00 00 00 00 00 00 00 00 00 00 00 00 00 00   ................
1AC0  00 00 00 00 00 00 00 00 00 00 00 00 00 00 00 00   ................
1AD0  56 00 56 00 00 00 00 00 00 00 00 00 28 00 28 00   V.V.........(.(.
1AE0  00 00 00 00 FF FF FF FF FF FF FF 7F 00 00 00 00   ................
1AF0  00 00 00 00 01 10 00 00 00 00 00 00 85 00 0C 00   ................
1B00  08 00 01 00 03 00 08 00 03 00 00 00 04 00 0D 00   ................
1B10  84 00 24 00 0A 00 00 00 00 00 00 00 00 00 00 00   ..$.............
1B20  00 00 00 00 00 00 00 00 00 00 00 00 00 00 00 00   ................
1B30  00 00 00 00 00 00 00 00 83 00 83 00 00 00 00 00   ................
1B40  00 00 00 00 29 00 29 00 00 00 00 00 00 00 00 00   ....).).........
1B50  FF 00 00 00 00 00 00 00 00 00 00 00 00 00 00 00   ................
1B60  00 00 00 00 84 00 0B 00 08 00 01 00 04 00 08 00   ................
1B70  03 00 00 00 05 00 0D 00 84 00 24 00 0A 00 00 00   ..........$.....
1B80  00 00 00 00 00 00 00 00 00 00 00 00 00 00 00 00   ................
1B90  00 00 00 00 00 00 00 00 00 00 00 00 00 00 00 00   ................
1BA0  1F 00 1F 00 00 00 00 00 00 00 00 00 2A 00 2A 00   ............*.*.
1BB0  00 00 00 00 00 00 00 00 FF 00 00 00 00 00 00 00   ................
1BC0  00 00 00 00 00 00 00 00 00 00 00 00 85 00 0C 00   ................
1BD0  08 00 01 00 04 00 08 00 03 00 00 00 05 00 0D 00   ................
1BE0  84 00 24 00 0A 00 00 00 00 00 00 00 00 00 00 00   ..$.............
1BF0  00 00 00 00 00 00 00 00 00 00 00 00 00 00 00 00   ................
1C00  00 00 00 00 00 00 00 00 67 00 67 00 00 00 00 00   ........g.g.....
1C10  00 00 00 00 2B 00 2B 00 00 00 00 00 00 00 00 00   ....+.+.........
1C20  FF 00 00 00 00 00 00 00 00 00 00 00 00 00 00 00   ................
1C30  00 00 00 00 85 00 10 00 08 00 01 00 01 00 08 00   ................
1C40  03 00 00 00 02 00 0D 00 84 00 24 00 0A 00 00 00   ..........$.....
1C50  00 00 00 00 00 00 00 00 00 00 00 00 00 00 00 00   ................
1C60  00 00 00 00 00 00 00 00 00 00 00 00 00 00 00 00   ................
1C70  89 00 89 00 00 00 00 00 00 00 00 00 2C 00 2C 00   ............,.,.
1C80  00 00 00 00 00 00 00 00 FF 00 00 00 00 00 00 00   ................
1C90  00 00 00 00 00 00 00 00 00 00 00 00 84 00 10 00   ................
1CA0  08 00 01 00 02 00 08 00 03 00 00 00 03 00 0D 00   ................
1CB0  84 00 24 00 0A 00 00 00 00 00 00 00 00 00 00 00   ..$.............
1CC0  00 00 00 00 00 00 00 00 00 00 00 00 00 00 00 00   ................
1CD0  00 00 00 00 00 00 00 00 FD 00 FD 00 00 00 00 00   ................
1CE0  00 00 00 00 2D 00 2D 00 00 00 00 00 00 00 00 00   ....-.-.........
1CF0  FF 00 00 00 00 00 00 00 00 00 00 00 00 00 00 00   ................
1D00  00 00 00 00 FF FF 10 00 08 00 01 00 03 00 08 00   ................
1D10  03 00 00 00 04 00 0D 00 84 00 24 00 0A 00 00 00   ..........$.....
1D20  00 00 00 00 00 00 00 00 00 00 00 00 00 00 00 00   ................
1D30  00 00 00 00 00 00 00 00 00 00 00 00 00 00 00 00   ................
1D40  F0 00 F0 00 00 00 00 00 00 00 00 00 2E 00 2E 00   ................
1D50  00 00 00 00 00 00 00 00 FF 00 00 00 00 00 00 00   ................
1D60  00 00 00 00 00 00 00 00 00 00 00 00 85 00 10 00   ................
1D70  08 00 01 00 04 00 08 00 03 00 00 00 05 00 0D 00   ................
1D80  84 00 24 00 0A 00 00 00 00 00 00 00 00 00 00 00   ..$.............
1D90  00 00 00 00 00 00 00 00 00 00 00 00 00 00 00 00   ................
1DA0  00 00 00 00 00 00 00 00 8F 00 8F 00 00 00 00 00   ................
1DB0  00 00 00 00 2F 00 2F 00 00 00 00 00 00 00 00 00   ...././.........
1DC0  FF 00 00 00 00 00 00 00 00 00 00 00 00 00 00 00   ................
1DD0  00 00 00 00 FF FF 10 00 08 00 01 00 05 00 08 00   ................
1DE0  03 00 00 00 06 00 0D 00 84 00 24 00 0A 00 00 00   ..........$.....
1DF0  00 00 00 00 00 00 00 00 00 00 00 00 00 00 00 00   ................
1E00  00 00 00 00 00 00 00 00 00 00 00 00 00 00 00 00   ................
1E10  F3 00 F3 00 00 00 00 00 00 00 00 00 30 00 30 00   ............0.0.
1E20  00 00 00 00 00 00 00 00 FF 00 00 00 00 00 00 00   ................
1E30  00 00 00 00 00 00 00 00 00 00 00 00 84 00 10 00   ................
1E40  08 00 01 00 06 00 08 00 03 00 00 00 07 00 0D 00   ................
1E50  84 00 24 00 0A 00 00 00 00 00 00 00 00 00 00 00   ..$.............
1E60  00 00 00 00 00 00 00 00 00 00 00 00 00 00 00 00   ................
1E70  00 00 00 00 00 00 00 00 FE 00 FE 00 00 00 00 00   ................
1E80  00 00 00 00 31 00 31 00 00 00 00 00 00 00 00 00   ....1.1.........
1E90  FF 00 00 00 00 00 00 00 00 00 00 00 00 00 00 00   ................
1EA0  00 00 00 00 FF FF 10 00 08 00 01 00 07 00 08 00   ................
1EB0  03 00 00 00 08 00 0D 00 84 00 24 00 0A 00 00 00   ..........$.....
1EC0  00 00 00 00 00 00 00 00 00 00 00 00 00 00 00 00   ................
1ED0  00 00 00 00 00 00 00 00 00 00 00 00 00 00 00 00   ................
1EE0  F4 00 F4 00 00 00 00 00 00 00 00 00 32 00 32 00   ............2.2.
1EF0  00 00 00 00 00 00 00 00 FF 00 00 00 00 00 00 00   ................
1F00  00 00 00 00 00 00 00 00 00 00 00 00 84 00 10 00   ................
1F10  08 00 01 00 08 00 08 00 03 00 00 00 09 00 0D 00   ................
1F20  84 00 24 00 0A 00 00 00 00 00 00 00 00 00 00 00   ..$.............
1F30  00 00 00 00 00 00 00 00 00 00 00 00 00 00 00 00   ................
1F40  00 00 00 00 00 00 00 00 FF 00 FF 00 00 00 00 00   ................
1F50  00 00 00 00 33 00 33 00 00 00 00 00 00 00 00 00   ....3.3.........
1F60  FF 00 00 00 00 00 00 00 00 00 00 00 00 00 00 00   ................
1F70  00 00 00 00 FF FF 10 00 08 00 01 00 09 00 08 00   ................
1F80  03 00 00 00 0A 00 0D 00 84 00 24 00 0A 00 00 00   ..........$.....
1F90  00 00 00 00 00 00 00 00 00 00 00 00 00 00 00 00   ................
1FA0  00 00 00 00 00 00 00 00 00 00 00 00 00 00 00 00   ................
1FB0  F1 00 F1 00 00 00 00 00 00 00 00 00 34 00 34 00   ............4.4.
1FC0  00 00 00 00 00 00 00 00 FF 00 00 00 00 00 00 00   ................
1FD0  00 00 00 00 00 00 00 00 00 00 00 00 FF FF 07 00   ................
1FE0  08 00 01 00 01 00 08 00 83 00 00 00 02 00 0D 00   ................
1FF0  84 00 24 00 0A 00 00 00 00 00 00 00 00 00 00 00   ..$.............
2000  00 00 00 00 00 00 00 00 00 00 00 00 00 00 00 00   ................
2010  00 00 00 00 00 00 00 00 94 00 94 00 00 00 00 00   ................
2020  00 00 00 00 35 00 35 00 00 00 00 00 00 00 00 00   ....5.5.........
2030  FF 00 00 00 00 00 00 00 00 00 00 00 00 00 00 00   ................
2040  00 00 00 00 84 00 07 00 08 00 01 00 02 00 08 00   ................
2050  83 00 00 00 03 00 0D 00 84 00 24 00 0A 00 00 00   ..........$.....
2060  00 00 00 00 00 00 00 00 00 00 00 00 00 00 00 00   ................
2070  00 00 00 00 00 00 00 00 00 00 00 00 00 00 00 00   ................
2080  35 00 35 00 00 00 00 00 00 00 00 00 36 00 36 00   5.5.........6.6.
2090  00 00 00 00 00 00 00 00 FF 00 00 00 00 00 00 00   ................
20A0  00 00 00 00 00 00 00 00 00 00 00 00 84 00 0B 00   ................
20B0  08 00 01 00 05 00 08 00 03 00 00 00 06 00 0D 00   ................
20C0  84 00 24 00 0A 00 00 00 00 00 00 00 00 00 00 00   ..$.............
20D0  00 00 00 00 00 00 00 00 00 00 00 00 00 00 00 00   ................
20E0  00 00 00 00 00 00 00 00 25 00 25 00 00 00 00 00   ........%.%.....
20F0  00 00 00 00 37 00 37 00 00 00 00 00 00 00 00 00   ....7.7.........
2100  FF 00 00 00 00 00 00 00 00 00 00 00 00 00 00 00   ................
2110  00 00 00 00 85 00 01 00 08 00 01 00 01 00 08 00   ................
2120  83 00 00 00 02 00 0E 00 84 00 02 00 0A 00 00 00   ................
2130  00 00 00 00 00 00 00 00 00 00 00 00 00 00 00 00   ................
2140  00 00 00 00 00 00 00 00 00 00 00 00 00 00 00 00   ................
2150  D0 00 D0 00 00 00 00 00 00 00 00 00 38 00 38 00   ............8.8.
2160  00 00 00 00 00 00 00 00 FF 00 00 00 00 00 00 00   ................
2170  00 00 00 00 00 00 00 00 00 00 00 00 85 00 01 00   ................
2180  08 00 01 00 02 00 08 00 83 00 00 00 03 00 0E 00   ................
2190  84 00 02 00 0A 00 00 00 00 00 00 00 00 00 00 00   ................
21A0  00 00 00 00 00 00 00 00 00 00 00 00 00 00 00 00   ................
21B0  00 00 00 00 00 00 00 00 42 00 42 00 00 00 00 00   ........B.B.....
21C0  00 00 00 00 39 00 39 00 00 00 00 00 00 00 00 00   ....9.9.........
21D0  FF 00 00 00 00 00 00 00 00 00 00 00 00 00 00 00   ................
21E0  00 00 00 00 85 00 01 00 08 00 01 00 03 00 08 00   ................
21F0  83 00 00 00 04 00 0E 00 84 00 02 00 0A 00 00 00   ................
2200  00 00 00 00 00 00 00 00 00 00 00 00 00 00 00 00   ................
2210  00 00 00 00 00 00 00 00 00 00 00 00 00 00 00 00   ................
2220  44 00 44 00 00 00 00 00 00 00 00 00 3A 00 3A 00   D.D.........:.:.
2230  00 00 00 00 00 00 00 00 FF 00 00 00 00 00 00 00   ................
2240  00 00 00 00 00 00 00 00 00 00 00 00 84 00 03 00   ................
2250  08 00 01 00 01 00 08 00 83 00 00 00 02 00 0E 00   ................
2260  84 00 02 00 0A 00 00 00 00 00 00 00 00 00 00 00   ................
2270  00 00 00 00 00 00 00 00 00 00 00 00 00 00 00 00   ................
2280  00 00 00 00 00 00 00 00 73 00 73 00 00 00 00 00   ........s.s.....
2290  00 00 00 00 3B 00 3B 00 00 00 00 00 00 00 00 00   ....;.;.........
22A0  FF 00 00 00 00 00 00 00 00 00 00 00 00 00 00 00   ................
22B0  00 00 00 00 FF FF 03 00 08 00 01 00 02 00 08 00   ................
22C0  83 00 00 00 03 00 0E 00 84 00 02 00 0A 00 00 00   ................
22D0  00 00 00 00 00 00 00 00 00 00 00 00 00 00 00 00   ................
22E0  00 00 00 00 00 00 00 00 00 00 00 00 00 00 00 00   ................
22F0  2E 00 2E 00 00 00 00 00 00 00 00 00 3C 00 3C 00   ............<.<.
2300  00 00 00 00 00 00 00 00 FF 00 00 00 00 00 00 00   ................
2310  00 00 00 00 00 00 00 00 00 00 00 00 FF FF 01 00   ................
2320  08 00 01 00 04 00 08 00 83 00 00 00 05 00 0E 00   ................
2330  84 00 02 00 0A 00 00 00 00 00 00 00 00 00 00 00   ................
2340  00 00 00 00 00 00 00 00 00 00 00 00 00 00 00 00   ................
2350  00 00 00 00 00 00 00 00 2D 00 2D 00 00 00 00 00   ........-.-.....
2360  00 00 00 00 3D 00 3D 00 00 00 00 00 00 00 00 00   ....=.=.........
2370  FF 00 00 00 00 00 00 00 00 00 00 00 00 00 00 00   ................
2380  00 00 00 00 85 00 01 00 08 00 01 00 05 00 08 00   ................
2390  83 00 00 00 06 00 0E 00 84 00 02 00 0A 00 00 00   ................
23A0  00 00 00 00 00 00 00 00 00 00 00 00 00 00 00 00   ................
23B0  00 00 00 00 00 00 00 00 00 00 00 00 00 00 00 00   ................
23C0  45 00 45 00 00 00 00 00 00 00 00 00 3E 00 3E 00   E.E.........>.>.
23D0  00 00 00 00 00 00 00 00 FF 00 00 00 00 00 00 00   ................
23E0  00 00 00 00 00 00 00 00 00 00 00 00 FF FF 03 00   ................
23F0  08 00 01 00 03 00 08 00 83 00 00 00 04 00 0E 00   ................
2400  84 00 02 00 0A 00 00 00 00 00 00 00 00 00 00 00   ................
2410  00 00 00 00 00 00 00 00 00 00 00 00 00 00 00 00   ................
2420  00 00 00 00 00 00 00 00 68 00 68 00 00 00 00 00   ........h.h.....
2430  00 00 00 00 3F 00 3F 00 00 00 00 00 00 00 00 00   ....?.?.........
2440  FF 00 00 00 00 00 00 00 00 00 00 00 00 00 00 00   ................
2450  00 00 00 00 FF FF 03 00 08 00 01 00 04 00 08 00   ................
2460  83 00 00 00 05 00 0E 00 84 00 02 00 0A 00 00 00   ................
2470  00 00 00 00 00 00 00 00 00 00 00 00 00 00 00 00   ................
2480  00 00 00 00 00 00 00 00 00 00 00 00 00 00 00 00   ................
2490  77 00 77 00 00 00 00 00 00 00 00 00 40 00 40 00   w.w.........@.@.
24A0  00 00 00 00 00 00 00 00 FF 00 00 00 00 00 00 00   ................
24B0  00 00 00 00 00 00 00 00 00 00 00 00 84 00 01 00   ................
24C0  08 00 01 00 06 00 08 00 83 00 00 00 07 00 0E 00   ................
24D0  84 00 02 00 0A 00 00 00 00 00 00 00 00 00 00 00   ................
24E0  00 00 00 00 00 00 00 00 00 00 00 00 00 00 00 00   ................
24F0  00 00 00 00 00 00 00 00 61 00 61 00 00 00 00 00   ........a.a.....
2500  00 00 00 00 41 00 41 00 00 00 00 00 00 00 00 00   ....A.A.........
2510  FF 00 00 00 00 00 00 00 00 00 00 00 00 00 00 00   ................
2520  00 00 00 00 84 00 02 00 08 00 01 00 01 00 08 00   ................
2530  83 00 00 00 02 00 0E 00 84 00 02 00 0A 00 00 00   ................
2540  00 00 00 00 00 00 00 00 00 00 00 00 00 00 00 00   ................
2550  00 00 00 00 00 00 00 00 00 00 00 00 00 00 00 00   ................
2560  62 00 62 00 00 00 00 00 00 00 00 00 42 00 42 00   b.b.........B.B.
2570  00 00 00 00 00 00 00 00 FF 00 00 00 00 00 00 00   ................
2580  00 00 00 00 00 00 00 00 00 00 00 00 85 00 02 00   ................
2590  08 00 01 00 02 00 08 00 83 00 00 00 03 00 0E 00   ................
25A0  84 00 02 00 0A 00 00 00 00 00 00 00 00 00 00 00   ................
25B0  00 00 00 00 00 00 00 00 00 00 00 00 00 00 00 00   ................
25C0  00 00 00 00 00 00 00 00 4B 00 4B 00 00 00 00 00   ........K.K.....
25D0  00 00 00 00 43 00 43 00 00 00 00 00 00 00 00 00   ....C.C.........
25E0  FF 00 00 00 00 00 00 00 00 00 00 00 00 00 00 00   ................
25F0  00 00 00 00 84 00 02 00 08 00 01 00 03 00 08 00   ................
2600  83 00 00 00 04 00 0E 00 84 00 02 00 0A 00 00 00   ................
2610  00 00 00 00 00 00 00 00 00 00 00 00 00 00 00 00   ................
2620  00 00 00 00 00 00 00 00 00 00 00 00 00 00 00 00   ................
2630  65 00 65 00 00 00 00 00 00 00 00 00 44 00 44 00   e.e.........D.D.
2640  00 00 00 00 00 00 00 00 FF 00 00 00 00 00 00 00   ................
2650  00 00 00 00 00 00 00 00 00 00 00 00 84 00 03 00   ................
2660  08 00 01 00 05 00 08 00 83 00 00 00 06 00 0E 00   ................
2670  84 00 02 00 0A 00 00 00 00 00 00 00 00 00 00 00   ................
2680  00 00 00 00 00 00 00 00 00 00 00 00 00 00 00 00   ................
2690  00 00 00 00 00 00 00 00 67 00 67 00 00 00 00 00   ........g.g.....
26A0  00 00 00 00 45 00 45 00 00 00 00 00 00 00 00 00   ....E.E.........
26B0  FF 00 00 00 00 00 00 00 00 00 00 00 00 00 00 00   ................
26C0  00 00 00 00 84 00 02 00 08 00 01 00 04 00 08 00   ................
26D0  83 00 00 00 05 00 0E 00 84 00 02 00 0A 00 00 00   ................
26E0  00 00 00 00 00 00 00 00 00 00 00 00 00 00 00 00   ................
26F0  00 00 00 00 00 00 00 00 00 00 00 00 00 00 00 00   ................
2700  69 00 69 00 00 00 00 00 00 00 00 00 46 00 46 00   i.i.........F.F.
2710  00 00 00 00 00 00 00 00 FF 00 00 00 00 00 00 00   ................
2720  00 00 00 00 00 00 00 00 00 00 00 00 84 00 05 00   ................
2730  08 00 01 00 01 00 08 00 82 00 00 00 02 00 0E 00   ................
2740  84 00 02 00 08 00 00 00 00 00 00 00 00 00 00 00   ................
2750  00 00 00 00 00 00 00 00 00 00 00 00 00 00 00 00   ................
2760  00 00 00 00 00 00 00 00 6C 00 6C 00 00 00 00 00   ........l.l.....
2770  00 00 00 00 47 00 47 00 00 00 00 00 00 00 00 00   ....G.G.........
2780  FF 00 00 00 00 00 00 00 00 00 00 00 00 00 00 00   ................
2790  00 00 00 00 FF FF 02 00 08 00 01 00 05 00 08 00   ................
27A0  83 00 00 00 06 00 0E 00 84 00 02 00 0A 00 00 00   ................
27B0  00 00 00 00 00 00 00 00 00 00 00 00 00 00 00 00   ................
27C0  00 00 00 00 00 00 00 00 00 00 00 00 00 00 00 00   ................
27D0  AE 00 AE 00 00 00 00 00 00 00 00 00 48 00 48 00   ............H.H.
27E0  00 00 00 00 00 00 00 00 FF 00 00 00 00 00 00 00   ................
27F0  00 00 00 00 00 00 00 00 00 00 00 00 85 00 06 00   ................
2800  08 00 01 00 01 00 08 00 83 00 00 00 02 00 0D 00   ................
2810  84 00 24 00 0A 00 00 00 00 00 00 00 00 00 00 00   ..$.............
2820  00 00 00 00 00 00 00 00 00 00 00 00 00 00 00 00   ................
2830  00 00 00 00 00 00 00 00 66 00 66 00 00 00 00 00   ........f.f.....
2840  00 00 00 00 49 00 49 00 00 00 00 00 00 00 00 00   ....I.I.........
2850  FF 00 00 00 00 00 00 00 00 00 00 00 00 00 00 00   ................
2860  00 00 00 00 85 00 08 00 08 00 01 00 01 00 08 00   ................
2870  83 00 00 00 02 00 0D 00 84 00 24 00 0A 00 00 00   ..........$.....
2880  00 00 00 00 00 00 00 00 00 00 00 00 00 00 00 00   ................
2890  00 00 00 00 00 00 00 00 00 00 00 00 00 00 00 00   ................
28A0  29 00 29 00 00 00 00 00 00 00 00 00 4A 00 4A 00   ).).........J.J.
28B0  00 00 00 00 00 00 00 00 FF 00 00 00 00 00 00 00   ................
28C0  00 00 00 00 00 00 00 00 00 00 00 00 FF FF 12 00   ................
28D0  08 00 01 00 01 00 08 00 82 00 00 00 02 00 0D 00   ................
28E0  84 00 24 00 08 00 00 00 00 00 00 00 00 00 00 00   ..$.............
28F0  00 00 00 00 00 00 00 00 00 00 00 00 00 00 00 00   ................
2900  00 00 00 00 00 00 00 00 4D 00 4D 00 00 00 00 00   ........M.M.....
2910  00 00 00 00 4B 00 4B 00 00 00 00 00 00 00 00 00   ....K.K.........
2920  FF 00 00 00 00 00 00 00 00 00 00 00 00 00 00 00   ................
2930  00 00 00 00 85 00 17 00 10 00 01 00 01 00 10 00   ................
2940  82 00 00 00 03 00 0D 00 84 00 24 00 08 00 00 00   ..........$.....
2950  00 00 00 00 00 00 00 00 00 00 00 00 00 00 00 00   ................
2960  00 00 00 00 00 00 00 00 00 00 00 00 00 00 00 00   ................
2970  2A 00 2A 00 00 00 00 00 00 00 00 00 4C 00 4C 00   *.*.........L.L.
2980  00 00 00 00 00 00 00 00 FF FF 00 00 00 00 00 00   ................
2990  00 00 00 00 01 10 00 00 00 00 00 00 FF FF 0E 00   ................
29A0  08 00 01 00 01 00 08 00 82 00 00 00 02 00 0D 00   ................
29B0  84 00 24 00 08 00 00 00 00 00 00 00 00 00 00 00   ..$.............
29C0  00 00 00 00 00 00 00 00 00 00 00 00 00 00 00 00   ................
29D0  00 00 00 00 00 00 00 00 5F 00 5F 00 00 00 00 00   ........_._.....
29E0  00 00 00 00 4D 00 4D 00 00 00 00 00 00 00 00 00   ....M.M.........
29F0  FF 00 00 00 00 00 00 00 00 00 00 00 00 00 00 00   ................
2A00  00 00 00 00 85 00 06 00 20 00 01 00 02 00 20 00   ........ ..... .
2A10  83 00 00 00 06 00 0D 00 84 00 24 00 0A 00 00 00   ..........$.....
2A20  00 00 00 00 00 00 00 00 00 00 00 00 00 00 00 00   ................
2A30  00 00 00 00 00 00 00 00 00 00 00 00 00 00 00 00   ................
2A40  68 00 68 00 00 00 00 00 00 00 00 00 4E 00 4E 00   h.h.........N.N.
2A50  00 00 00 00 00 00 00 00 FF FF FF 7F 00 00 00 00   ................
2A60  00 00 00 00 01 10 00 00 00 00 00 00 FF FF 11 00   ................
2A70  08 00 01 00 01 00 08 00 82 00 00 00 02 00 0D 00   ................
2A80  84 00 24 00 08 00 00 00 00 00 00 00 00 00 00 00   ..$.............
2A90  00 00 00 00 00 00 00 00 00 00 00 00 00 00 00 00   ................
2AA0  00 00 00 00 00 00 00 00 48 00 48 00 00 00 00 00   ........H.H.....
2AB0  00 00 00 00 4F 00 4F 00 00 00 00 00 00 00 00 00   ....O.O.........
2AC0  FF 00 00 00 00 00 00 00 00 00 00 00 00 00 00 00   ................
2AD0  00 00 00 00 FF FF 07 00 08 00 01 00 03 00 08 00   ................
2AE0  83 00 00 00 04 00 0D 00 84 00 24 00 0A 00 00 00   ..........$.....
2AF0  00 00 00 00 00 00 00 00 00 00 00 00 00 00 00 00   ................
2B00  00 00 00 00 00 00 00 00 00 00 00 00 00 00 00 00   ................
2B10  E9 00 E9 00 00 00 00 00 00 00 00 00 50 00 50 00   ............P.P.
2B20  00 00 00 00 00 00 00 00 FF 00 00 00 00 00 00 00   ................
2B30  00 00 00 00 00 00 00 00 00 00 00 00 84 00 07 00   ................
2B40  10 00 01 00 04 00 10 00 83 00 00 00 06 00 0D 00   ................
2B50  84 00 24 00 0A 00 00 00 00 00 00 00 00 00 00 00   ..$.............
2B60  00 00 00 00 00 00 00 00 00 00 00 00 00 00 00 00   ................
2B70  00 00 00 00 00 00 00 00 36 00 36 00 00 00 00 00   ........6.6.....
2B80  00 00 00 00 51 00 51 00 00 00 00 00 00 00 00 00   ....Q.Q.........
2B90  FF FF 00 00 00 00 00 00 00 00 00 00 01 00 01 00   ................
2BA0  00 00 00 00 FF FF 29 00 20 00 01 00 01 00 20 00   ......). ..... .
2BB0  82 00 00 00 05 00 0D 00 84 00 24 00 08 00 00 00   ..........$.....
2BC0  00 00 00 00 00 00 00 00 00 00 00 00 00 00 00 00   ................
2BD0  00 00 00 00 00 00 00 00 00 00 00 00 00 00 00 00   ................
2BE0  97 00 97 00 00 00 00 00 00 00 00 00 52 00 52 00   ............R.R.
2BF0  00 00 00 00 00 00 00 00 FF FF FF 7F 00 00 00 00   ................
2C00  00 00 00 00 01 10 00 00 00 00 00 00 FF FF 07 00   ................
2C10  20 00 01 00 06 00 20 00 83 00 00 00 0A 00 0D 00    ..... .........
2C20  84 00 24 00 0A 00 00 00 00 00 00 00 00 00 00 00   ..$.............
2C30  00 00 00 00 00 00 00 00 00 00 00 00 00 00 00 00   ................
2C40  00 00 00 00 00 00 00 00 91 00 91 00 00 00 00 00   ................
2C50  00 00 00 00 53 00 53 00 00 00 00 00 00 00 00 00   ....S.S.........
2C60  FF FF FF 7F 00 00 00 00 00 00 00 00 01 10 00 00   ................
2C70  00 00 00 00 84 00 07 00 10 00 01 00 0A 00 10 00   ................
2C80  83 00 00 00 0C 00 0D 00 84 00 24 00 0A 00 00 00   ..........$.....
2C90  00 00 00 00 00 00 00 00 00 00 00 00 00 00 00 00   ................
2CA0  00 00 00 00 00 00 00 00 00 00 00 00 00 00 00 00   ................
2CB0  30 00 30 00 00 00 00 00 00 00 00 00 54 00 54 00   0.0.........T.T.
2CC0  00 00 00 00 00 00 00 00 FF FF 00 00 00 00 00 00   ................
2CD0  00 00 00 00 21 D1 F0 00 06 00 00 00 04 00 84 00   ....!...........
2CE0  00 00 06 00 00 00 0F 00 01 00 00 00 10 00 84 00   ................
2CF0  00 00 02 00 00 00 04 00 00 00 00 00 12 00 84 00   ................
2D00  01 00 01 00 00 00 03 00 00 00 00 00 02 00 84 00   ................
2D10  02 00 00 00 00 00 00 00 02 00 00 00 14 00 84 00   ................
2D20  01 00 01 00 02 00 05 00 00 00 00 00 02 00 84 00   ................
2D30  04 00 00 00 00 00 00 00 02 00 00 00 1E 00 84 00   ................
2D40  00 00 00 00 01 00 00 00 81 00 00 00 1E 00 84 00   ................
2D50  00 00 00 00 06 00 00 00 84 00 00 00 16 00 84 00   ................
2D60  00 00 04 00 07 00 0C 00 00 00 00 00 12 00 FF FF   ................
2D70  08 00 00 00 00 00 00 00 00 00 00 00 14 00 FF FF   ................
2D80  08 00 00 00 09 00 00 00 00 00 00 00 1C 00 84 00   ................
2D90  08 00 00 00 0A 00 00 00 00 00 00 00 16 00 FF FF   ................
2DA0  08 00 00 00 0B 00 00 00 00 00 00 00 24 00 84 00   ............$...
2DB0  00 00 01 00 08 00 0E 00 00 00 00 00 02 00 84 00   ................
2DC0  0D 00 00 00 00 00 00 00 02 00 00 00 E5 00 FF FF   ................
2DD0  00 00 00 00 0D 00 00 00 00 00 00 00 00 00 00 00   ................
2DE0  00 00 00 00 00 00 00 00 00 00 00 00 00 00 00 00   ................
2DF0  00 00 00 00 00 00 00 00 00 00 00 00 00 00 00 00   ................
2E00  00 00 00 00 00 00 00 00 00 00 00 00 00 00 00 00   ................
2E10  00 00 00 00 00 00 00 00 00 00 00 00 00 00 00 00   ................
2E20  00 00 00 00 00 00 00 00 00 00 00 00 00 00 00 00   ................
2E30  00 00 00 00 00 00 00 00 00 00 00 00 00 00 00 00   ................
2E40  00 00 00 00                                       ....
